avg_consistency_window_ms: 4.782290279627164
avg_post_notification_duration_ms: 5.115512649800266
avg_queue_duration_ms: 3.1840878828229027
avg_read_post_duration_ms: 0.5053262316910785
avg_write_post_duration_ms: 0.6544512573786472
num_inconsistencies: 0
num_notifications_received: 3004
num_requests: 3004
per_inconsistencies: 0.0
per_notifications_received: 100.0
