avg_consistency_window_ms: 5.1528980679546965
avg_post_notification_duration_ms: 5.44004793608522
avg_queue_duration_ms: 3.6119253830779483
avg_read_post_duration_ms: 0.45103264490339773
avg_write_post_duration_ms: 0.5879413724183877
num_inconsistencies: 0
num_notifications_received: 3002
num_requests: 3002
per_inconsistencies: 0.0
per_notifications_received: 100.0
