avg_consistency_window_ms: 5.43774966711052
avg_post_notification_duration_ms: 5.6428095872170445
avg_queue_duration_ms: 3.8298934753661786
avg_read_post_duration_ms: 0.44773635153129165
avg_write_post_duration_ms: 0.6507989347536618
num_inconsistencies: 0
num_notifications_received: 3004
num_requests: 3004
per_inconsistencies: 0.0
per_notifications_received: 100.0
