avg_consistency_window_ms: 5.382667687631045
avg_post_notification_duration_ms: 5.548877172128337
avg_queue_duration_ms: 3.7343720015272313
avg_read_post_duration_ms: 0.47027700258879473
avg_write_post_duration_ms: 0.6747697672081416
num_inconsistencies: 0
num_notifications_received: 6005
num_requests: 6005
per_inconsistencies: 0.0
per_notifications_received: 100.0
