avg_consistency_window_ms: 5.25616255829447
avg_post_notification_duration_ms: 5.391418996893032
avg_queue_duration_ms: 3.5979347101932047
avg_read_post_duration_ms: 0.49367088607594933
avg_write_post_duration_ms: 0.6612188193519751
num_inconsistencies: 0
num_notifications_received: 3002
num_requests: 3002
per_inconsistencies: 0.0
per_notifications_received: 100.0
