avg_consistency_window_ms: 4.720815469483911
avg_post_notification_duration_ms: 5.05010801448884
avg_queue_duration_ms: 3.1701319652384896
avg_read_post_duration_ms: 0.4995843038452892
avg_write_post_duration_ms: 0.6021298386478147
num_inconsistencies: 0
num_notifications_received: 6007
num_requests: 6007
per_inconsistencies: 0.0
per_notifications_received: 100.0
