avg_consistency_window_ms: 4.695560488346281
avg_post_notification_duration_ms: 5.033629300776915
avg_queue_duration_ms: 3.178468368479467
avg_read_post_duration_ms: 0.4911209766925638
avg_write_post_duration_ms: 0.5598219051132929
num_inconsistencies: 0
num_notifications_received: 9010
num_requests: 9010
per_inconsistencies: 0.0
per_notifications_received: 100.0
